

two <- c(0, 0, 0, 0, 0, 0, 0, 0, 9.5233071955178907, 9.6574447537351578, 9.9628444506956413, 10.196614723911662, 18.659806751160751, 21.960466364435714, 29.033568576469492, 29.926414058209776, 40.427387207827508, 40.934627170582225, 49.870400878638108, 49.883542577969664, 60.749605348686039, 62.09932511904627, 69.971010475497494, 71.01163894651711, 71.01163894651711, 71.855520738569368, 80.056621201761018, 80.369717253871713, 81.216402835001531, 81.568094371356821, 89.894090063869342, 89.920051609335758, 90.417195144047838, 90.731128577784375, 100.0, 100.0, 100.0, 100.0, 100.0, 100.0)

three <- c(51.133979767842987, 59.016806420268473, 71.147506732287127, 81.352850682951839, 88.580694522159149, 90.45340701056864, 100.0, 100.0, 100.0, 100.0, 100.0, 100.0, 100.0, 100.0, 100.0, 100.0, 100.0, 100.0, 100.0, 100.0)